../dataset/images/00021481_014.png 595,401,696,560,0
../dataset/images/00009431_004.png 632,387,822,808,3
../dataset/images/00009403_006.png 749,417,825,469,5
../dataset/images/00005066_030.png 277,459,817,761,1 150,729,177,794,2 532,500,774,664,3
../dataset/images/00018865_008.png 210,133,354,226,7
../dataset/images/00019013_002.png 783,558,832,604,5
../dataset/images/00005532_022.png 549,202,723,392,6
../dataset/images/00012094_047.png 666,143,801,296,7
../dataset/images/00030128_002.png 122,413,346,833,2
../dataset/images/00029469_007.png 844,524,1006,718,4
../dataset/images/00013187_002.png 199,568,937,743,0
../dataset/images/00017747_008.png 229,174,431,333,7
../dataset/images/00027464_033.png 296,230,816,625,1
../dataset/images/00022416_049.png 789,427,872,557,0
../dataset/images/00014822_039.png 645,205,839,829,7
../dataset/images/00010481_021.png 763,552,924,620,0
../dataset/images/00002704_029.png 334,332,780,699,1
../dataset/images/00026338_003.png 352,346,791,660,1
../dataset/images/00001153_004.png 307,254,405,693,0
../dataset/images/00028607_000.png 404,302,902,746,1
../dataset/images/00016964_011.png 730,553,822,612,2
../dataset/images/00002176_007.png 259,189,366,304,7
../dataset/images/00014398_031.png 190,464,378,791,2
../dataset/images/00028873_004.png 322,321,761,656,1
../dataset/images/00007471_003.png 541,106,874,589,7
../dataset/images/00010815_006.png 311,242,458,498,4 312,240,465,485,0
../dataset/images/00017952_008.png 199,215,419,656,6
../dataset/images/00020408_058.png 161,73,450,466,7
../dataset/images/00006736_000.png 770,472,816,519,5
../dataset/images/00014280_000.png 819,346,871,403,5
../dataset/images/00025962_000.png 533,305,781,516,6
../dataset/images/00001170_046.png 635,383,880,577,0
../dataset/images/00016972_019.png 515,635,813,864,0
../dataset/images/00015058_024.png 588,766,896,863,2
../dataset/images/00026586_009.png 196,187,367,317,7
../dataset/images/00030674_000.png 633,252,861,462,0
../dataset/images/00019765_010.png 195,788,406,920,6
../dataset/images/00011831_008.png 238,341,383,574,6
../dataset/images/00007120_009.png 249,549,386,636,0
../dataset/images/00004968_003.png 641,685,907,791,0
../dataset/images/00026451_068.png 295,642,418,738,7
../dataset/images/00019271_064.png 265,509,859,777,0
../dataset/images/00013310_059.png 194,210,381,776,7
../dataset/images/00019373_058.png 325,330,449,488,4
../dataset/images/00007124_008.png 544,488,852,675,0
../dataset/images/00026911_000.png 556,235,763,548,3
../dataset/images/00000211_010.png 353,535,455,703,0
../dataset/images/00030206_013.png 312,339,778,773,1
../dataset/images/00014976_003.png 607,682,849,761,2
../dataset/images/00009889_018.png 125,759,159,799,7
../dataset/images/00006912_007.png 330,392,771,719,1
../dataset/images/00008339_010.png 349,347,874,734,1
../dataset/images/00017582_003.png 257,403,456,546,0 107,342,222,652,2
../dataset/images/00022572_005.png 144,190,375,669,2
../dataset/images/00005567_000.png 567,578,811,830,6
../dataset/images/00002763_031.png 403,356,879,743,1
../dataset/images/00000193_019.png 704,617,922,866,6
../dataset/images/00020318_007.png 715,543,936,659,7
../dataset/images/00016786_009.png 494,476,740,741,3
../dataset/images/00028285_014.png 637,396,871,757,3 660,457,871,790,6
../dataset/images/00022098_006.png 494,577,765,731,0
../dataset/images/00010767_008.png 203,191,368,334,7
../dataset/images/00010625_014.png 271,443,816,580,0
../dataset/images/00020482_032.png 431,425,713,686,2 469,420,698,681,3 482,353,693,715,0
../dataset/images/00012045_009.png 716,561,817,678,2
../dataset/images/00023178_002.png 561,190,792,627,6
../dataset/images/00010230_001.png 677,663,845,804,3
../dataset/images/00008399_007.png 363,379,910,751,1
../dataset/images/00022416_004.png 818,469,962,670,2
../dataset/images/00004344_014.png 329,312,796,763,1
../dataset/images/00017214_015.png 614,350,693,493,4
../dataset/images/00021840_016.png 143,536,384,634,2 161,441,430,628,3
../dataset/images/00012892_010.png 375,225,480,360,4
../dataset/images/00018762_002.png 604,617,861,698,0
../dataset/images/00001787_008.png 261,467,707,690,4
../dataset/images/00011463_002.png 379,546,822,889,1
../dataset/images/00021711_014.png 550,668,903,791,2
../dataset/images/00019373_036.png 667,406,840,519,0
../dataset/images/00030106_008.png 225,518,455,787,0
../dataset/images/00012364_006.png 326,366,757,748,1
../dataset/images/00023089_004.png 158,521,327,646,6
../dataset/images/00028861_009.png 582,48,873,348,7
../dataset/images/00016291_019.png 153,76,428,439,2
../dataset/images/00025747_000.png 336,372,830,739,1
../dataset/images/00012021_081.png 656,443,848,641,3 660,190,853,642,6
../dataset/images/00007735_040.png 400,478,942,925,1
../dataset/images/00025662_006.png 828,639,879,697,5
../dataset/images/00004968_004.png 634,637,899,762,0
../dataset/images/00020845_002.png 173,532,392,714,6
../dataset/images/00014607_007.png 201,661,843,875,0
../dataset/images/00001900_026.png 579,444,813,736,3
../dataset/images/00016987_022.png 83,490,381,611,0
../dataset/images/00019271_030.png 235,697,390,810,0
../dataset/images/00005089_002.png 648,574,912,763,0
../dataset/images/00018693_004.png 300,436,848,835,1
../dataset/images/00014706_007.png 403,357,775,703,1
../dataset/images/00027875_005.png 697,313,963,715,2
../dataset/images/00017137_016.png 170,147,458,623,7
../dataset/images/00020146_005.png 181,562,478,793,7
../dataset/images/00000181_061.png 210,569,424,824,0
../dataset/images/00010959_010.png 212,491,291,552,5
../dataset/images/00009608_024.png 394,403,760,744,1
../dataset/images/00003787_003.png 289,470,457,589,0
../dataset/images/00012045_005.png 591,388,836,660,6
../dataset/images/00012622_016.png 764,168,845,295,7
../dataset/images/00016564_000.png 385,391,837,696,1
../dataset/images/00006621_004.png 308,402,522,616,0
../dataset/images/00014022_054.png 618,729,795,983,6
../dataset/images/00003789_000.png 272,569,373,663,6
../dataset/images/00027927_009.png 739,391,791,453,5
../dataset/images/00026319_000.png 669,652,790,731,5
../dataset/images/00029464_003.png 243,375,448,503,0
../dataset/images/00027927_008.png 229,176,433,389,3
../dataset/images/00026886_004.png 235,517,450,653,0
../dataset/images/00013911_021.png 100,244,798,782,4
../dataset/images/00029391_000.png 315,371,801,748,1
../dataset/images/00018984_000.png 826,310,898,426,5
../dataset/images/00023176_017.png 323,256,857,682,1
../dataset/images/00003333_002.png 518,301,846,651,3
../dataset/images/00010172_001.png 188,696,236,747,2
../dataset/images/00010092_018.png 612,480,719,698,3
../dataset/images/00030323_015.png 615,424,841,714,4
../dataset/images/00018427_004.png 94,632,272,704,0 770,351,955,899,2
../dataset/images/00004381_021.png 390,361,842,687,1
../dataset/images/00012686_003.png 325,411,861,814,1
../dataset/images/00020774_000.png 230,478,290,541,5
../dataset/images/00029579_014.png 102,520,138,644,7
../dataset/images/00015064_001.png 379,450,983,967,1
../dataset/images/00016568_026.png 100,91,354,680,7
../dataset/images/00030408_013.png 718,605,838,749,2 144,723,364,873,3
../dataset/images/00012975_003.png 207,237,414,440,4
../dataset/images/00021024_022.png 720,522,882,713,0
../dataset/images/00011557_003.png 347,445,855,828,1
../dataset/images/00028876_035.png 191,341,256,414,5
../dataset/images/00030412_001.png 199,581,297,883,2
../dataset/images/00013249_033.png 415,403,882,748,1 363,418,508,698,6
../dataset/images/00019124_045.png 332,521,458,589,0
../dataset/images/00004533_014.png 451,307,899,699,1
../dataset/images/00020332_000.png 230,623,304,687,5
../dataset/images/00001946_029.png 290,396,362,551,7
../dataset/images/00014177_010.png 190,389,316,621,4
../dataset/images/00015770_010.png 364,470,815,741,1
../dataset/images/00012174_000.png 169,159,358,699,2
../dataset/images/00001558_016.png 86,419,313,835,2
../dataset/images/00016705_006.png 691,309,787,546,3 697,318,788,553,6
../dataset/images/00006851_033.png 189,626,389,679,0
../dataset/images/00029894_000.png 715,508,945,726,2
../dataset/images/00001248_038.png 568,94,821,262,7
../dataset/images/00022215_012.png 324,353,837,770,1 628,359,816,592,6
../dataset/images/00006751_000.png 176,445,250,511,5
../dataset/images/00016624_000.png 553,348,921,679,1
../dataset/images/00013346_015.png 374,423,834,945,1
../dataset/images/00002106_000.png 326,363,376,416,4 638,428,767,583,7
../dataset/images/00030635_001.png 577,491,817,713,0
../dataset/images/00006821_002.png 121,86,502,760,4
../dataset/images/00013471_002.png 129,693,400,792,7
../dataset/images/00023068_003.png 351,748,387,781,5
../dataset/images/00023093_007.png 691,413,917,754,2
../dataset/images/00021748_000.png 550,74,717,129,7
../dataset/images/00021443_000.png 286,373,831,788,1
../dataset/images/00013670_151.png 438,480,900,814,1 262,267,942,747,3
../dataset/images/00025252_040.png 600,204,863,621,2
../dataset/images/00027474_005.png 276,407,377,471,0
../dataset/images/00000211_016.png 237,466,468,794,3
../dataset/images/00020438_011.png 329,361,816,841,1
../dataset/images/00015090_006.png 639,571,836,749,2 591,519,837,721,6
../dataset/images/00008291_011.png 185,217,899,808,6
../dataset/images/00023162_025.png 193,80,457,337,7
../dataset/images/00019861_010.png 270,358,804,754,1
../dataset/images/00020113_017.png 217,516,898,683,0
../dataset/images/00030394_001.png 623,182,689,241,5
../dataset/images/00004893_085.png 386,344,850,733,1
../dataset/images/00013750_016.png 197,182,390,457,2
../dataset/images/00017255_001.png 693,598,814,687,0
../dataset/images/00021670_004.png 607,529,847,691,6
../dataset/images/00030260_004.png 368,550,426,773,0
../dataset/images/00001373_009.png 413,468,961,970,1
../dataset/images/00013615_052.png 351,406,815,763,1
../dataset/images/00028330_003.png 209,440,355,635,4
../dataset/images/00030606_006.png 550,31,787,193,7
../dataset/images/00022572_073.png 554,328,866,744,6
../dataset/images/00029404_004.png 554,386,766,665,3
../dataset/images/00014574_000.png 370,365,807,761,1
../dataset/images/00012834_034.png 769,226,975,584,2
../dataset/images/00017199_005.png 774,683,844,757,5
../dataset/images/00020819_002.png 368,340,863,737,1
../dataset/images/00027685_003.png 340,324,809,705,1
../dataset/images/00011237_006.png 204,405,409,744,6
../dataset/images/00013461_011.png 158,125,869,947,6
../dataset/images/00016414_000.png 386,430,957,880,1
../dataset/images/00023283_019.png 50,298,205,766,2
../dataset/images/00011827_003.png 569,471,876,595,0 752,148,881,733,2
../dataset/images/00028173_016.png 565,500,677,638,0
../dataset/images/00003945_004.png 69,471,375,639,0
../dataset/images/00014253_042.png 213,514,825,827,0
../dataset/images/00010125_004.png 147,302,213,389,4
../dataset/images/00012973_005.png 122,63,402,826,2
../dataset/images/00004578_004.png 432,391,865,762,1
../dataset/images/00001673_016.png 282,548,333,649,0
../dataset/images/00013031_005.png 20,418,180,813,2
../dataset/images/00028018_000.png 353,453,809,882,1
../dataset/images/00002856_009.png 218,637,435,739,0
../dataset/images/00030279_000.png 289,420,837,878,1
../dataset/images/00013062_002.png 352,340,750,736,1
../dataset/images/00021710_003.png 598,634,805,816,3
../dataset/images/00028774_047.png 53,489,237,798,2
../dataset/images/00011857_001.png 696,513,963,678,2
../dataset/images/00012175_008.png 341,474,479,610,4
../dataset/images/00007629_001.png 632,466,806,645,6
../dataset/images/00028876_027.png 537,114,769,257,7
../dataset/images/00013922_022.png 559,378,793,622,3
../dataset/images/00020986_000.png 418,382,860,673,1
../dataset/images/00017124_004.png 792,570,957,1011,2
../dataset/images/00014617_003.png 407,483,592,658,3
../dataset/images/00030323_028.png 664,163,920,652,3
../dataset/images/00026753_008.png 598,106,902,788,2
../dataset/images/00016568_010.png 690,401,799,524,4
../dataset/images/00003028_006.png 252,526,475,894,6
../dataset/images/00014095_003.png 297,497,469,592,0
../dataset/images/00021845_001.png 308,374,696,738,1
../dataset/images/00025732_004.png 219,390,756,806,1
../dataset/images/00021860_003.png 137,569,367,744,6
../dataset/images/00029464_006.png 92,285,263,479,0
../dataset/images/00003064_035.png 539,559,819,816,6
../dataset/images/00015649_000.png 641,299,726,374,4
../dataset/images/00012376_010.png 234,393,461,649,3 741,211,866,634,4 375,144,494,199,7
../dataset/images/00004344_013.png 350,347,876,769,1
../dataset/images/00028640_003.png 570,517,746,682,3
../dataset/images/00019892_003.png 571,120,825,219,7
../dataset/images/00021772_016.png 171,193,262,275,5
../dataset/images/00000740_000.png 301,385,778,772,1
../dataset/images/00000468_041.png 267,454,379,527,3
../dataset/images/00013911_000.png 118,483,204,585,5
../dataset/images/00028628_020.png 626,339,730,424,4
../dataset/images/00013272_005.png 611,532,831,840,6
../dataset/images/00007735_018.png 584,422,793,717,6
../dataset/images/00016990_000.png 313,475,772,777,1
../dataset/images/00025664_002.png 66,144,342,775,2
../dataset/images/00027652_003.png 76,203,221,717,7
../dataset/images/00016786_001.png 565,199,789,690,3
../dataset/images/00010805_049.png 299,470,623,789,3
../dataset/images/00025368_014.png 295,685,412,769,0
../dataset/images/00018253_059.png 179,383,382,678,2 183,393,385,702,3 185,405,389,693,0
../dataset/images/00019706_014.png 663,436,834,576,0
../dataset/images/00011023_004.png 301,415,497,663,3
../dataset/images/00013807_009.png 316,122,437,165,7
../dataset/images/00000377_004.png 388,420,890,787,1
../dataset/images/00011136_002.png 574,575,804,741,6
../dataset/images/00026398_000.png 364,265,413,312,5
../dataset/images/00016522_023.png 137,250,474,895,2
../dataset/images/00028012_001.png 560,463,887,662,0
../dataset/images/00016732_040.png 208,691,366,879,3
../dataset/images/00021782_028.png 133,100,355,542,7
../dataset/images/00012741_004.png 442,435,889,843,1
../dataset/images/00022141_030.png 543,41,647,100,7
../dataset/images/00027833_022.png 301,305,891,748,4
../dataset/images/00018980_002.png 247,174,427,396,2
../dataset/images/00002435_005.png 363,480,764,779,1
../dataset/images/00014738_000.png 191,120,441,700,2 239,208,489,588,3
../dataset/images/00000643_002.png 818,540,915,614,0
../dataset/images/00028873_009.png 334,282,728,639,1
../dataset/images/00029906_000.png 330,449,763,764,1
../dataset/images/00020259_002.png 612,535,861,734,3 615,559,838,757,6
../dataset/images/00008727_009.png 206,695,443,910,6
../dataset/images/00012793_000.png 353,378,847,782,1
../dataset/images/00022727_000.png 207,198,889,618,3
../dataset/images/00018187_029.png 342,422,855,882,1
../dataset/images/00006851_034.png 251,617,411,740,0
../dataset/images/00009256_005.png 306,393,417,508,0
../dataset/images/00000506_013.png 566,230,827,813,6
../dataset/images/00013751_003.png 676,610,766,700,5
../dataset/images/00025707_015.png 712,537,804,619,5
../dataset/images/00025221_001.png 539,583,882,904,0
../dataset/images/00030039_008.png 26,120,290,748,2
../dataset/images/00018387_030.png 389,358,885,653,1
../dataset/images/00002980_000.png 263,592,849,889,6
../dataset/images/00004808_090.png 135,237,425,600,6
../dataset/images/00028454_016.png 120,504,359,779,6
../dataset/images/00023058_004.png 38,562,356,765,2
../dataset/images/00019399_010.png 783,602,917,852,2
../dataset/images/00004342_002.png 200,488,678,967,1
../dataset/images/00022215_011.png 394,479,885,835,1
../dataset/images/00020000_000.png 543,584,765,873,2 270,132,359,161,7
../dataset/images/00026983_001.png 553,191,621,263,5
../dataset/images/00030573_002.png 604,337,760,520,3
../dataset/images/00019495_004.png 738,566,888,605,0
../dataset/images/00018063_000.png 283,388,468,561,6
../dataset/images/00027577_003.png 94,211,231,478,2
../dataset/images/00010936_011.png 271,581,376,779,0
../dataset/images/00018055_038.png 126,287,215,498,7
../dataset/images/00011269_019.png 734,418,951,608,2 572,267,703,410,4
../dataset/images/00015605_051.png 211,539,359,701,6
../dataset/images/00027758_004.png 223,501,463,624,6
../dataset/images/00012515_002.png 289,638,373,695,0
../dataset/images/00012364_045.png 583,450,799,806,3
../dataset/images/00029861_013.png 194,186,803,688,3 202,161,806,691,6
../dataset/images/00010767_007.png 265,13,349,34,7
../dataset/images/00001555_002.png 614,808,689,884,5
../dataset/images/00017670_005.png 368,591,489,739,4
../dataset/images/00013310_057.png 117,311,837,916,3
../dataset/images/00018412_001.png 213,616,786,708,0
../dataset/images/00013471_029.png 621,295,848,662,3
../dataset/images/00023075_033.png 240,535,312,601,4
../dataset/images/00002578_000.png 796,327,874,387,5
../dataset/images/00014626_035.png 151,171,366,957,2
../dataset/images/00028876_060.png 764,389,839,476,5
../dataset/images/00019766_023.png 735,417,928,733,2
../dataset/images/00026848_007.png 202,696,392,871,6
../dataset/images/00011269_018.png 579,250,796,534,3
../dataset/images/00021860_002.png 101,524,244,735,2
../dataset/images/00019767_016.png 128,637,447,724,2
../dataset/images/00017544_003.png 585,179,874,764,3
../dataset/images/00021703_001.png 564,511,772,667,2 113,659,271,715,3 136,501,753,714,0
../dataset/images/00008291_009.png 76,187,797,847,6
../dataset/images/00022021_002.png 268,493,423,586,6
../dataset/images/00025769_001.png 702,572,805,636,0
../dataset/images/00022611_001.png 749,170,919,544,2
../dataset/images/00009507_004.png 212,618,472,787,6
../dataset/images/00012048_007.png 287,380,435,532,4
../dataset/images/00001369_000.png 337,276,891,663,1
../dataset/images/00011831_010.png 235,82,476,255,7
../dataset/images/00018496_007.png 573,125,796,220,7
../dataset/images/00023325_019.png 344,281,822,631,1
../dataset/images/00025368_033.png 760,280,958,474,7
../dataset/images/00011925_077.png 281,196,582,667,4
../dataset/images/00005827_000.png 393,308,845,779,1
../dataset/images/00000072_000.png 357,568,484,650,0
../dataset/images/00001437_012.png 83,139,437,755,2
../dataset/images/00029431_000.png 202,391,426,863,3 189,441,408,851,6
../dataset/images/00009745_000.png 329,400,786,782,1
../dataset/images/00026889_000.png 237,372,830,825,1
../dataset/images/00029596_018.png 734,435,837,763,2
../dataset/images/00027866_002.png 145,618,747,832,0
../dataset/images/00027470_006.png 400,501,494,574,5
../dataset/images/00023078_003.png 95,661,226,774,7
../dataset/images/00013977_005.png 781,785,906,965,2
../dataset/images/00020213_078.png 185,670,424,771,2
../dataset/images/00017500_002.png 765,614,871,676,0 112,497,310,769,2
../dataset/images/00027213_044.png 571,166,780,979,7
../dataset/images/00004344_018.png 391,393,896,824,1
../dataset/images/00027837_001.png 209,340,425,716,6
../dataset/images/00017346_000.png 873,615,902,649,5
../dataset/images/00013125_000.png 169,406,831,825,1
../dataset/images/00016291_002.png 617,676,944,755,2
../dataset/images/00016403_003.png 892,877,1003,943,0
../dataset/images/00012021_054.png 584,303,808,772,3
../dataset/images/00014004_038.png 345,398,455,535,4
../dataset/images/00017178_007.png 345,300,791,679,1
../dataset/images/00018721_010.png 239,541,492,744,3
../dataset/images/00003148_004.png 596,506,652,686,0
../dataset/images/00030434_000.png 668,646,744,885,0
../dataset/images/00021201_010.png 684,147,899,581,3 715,191,871,509,4
../dataset/images/00014125_042.png 253,294,810,729,6
../dataset/images/00021926_007.png 324,273,476,464,3
../dataset/images/00000732_005.png 428,464,840,809,1 614,111,787,214,7
../dataset/images/00029579_005.png 104,525,131,589,2 609,189,683,261,4
../dataset/images/00016732_027.png 617,477,837,672,6
../dataset/images/00018253_017.png 548,529,712,735,0 135,263,283,795,2
../dataset/images/00011576_000.png 207,583,254,624,5
../dataset/images/00028509_007.png 50,339,258,903,2
../dataset/images/00009107_006.png 176,306,414,711,6
../dataset/images/00003528_024.png 645,309,830,663,6
../dataset/images/00028509_026.png 311,400,816,744,1
../dataset/images/00000457_004.png 803,282,896,387,0
../dataset/images/00025529_018.png 725,168,909,772,2 703,389,814,518,4
../dataset/images/00019651_002.png 628,341,828,542,4
../dataset/images/00019706_002.png 576,90,729,209,7
../dataset/images/00005532_000.png 383,262,858,676,1
../dataset/images/00014551_010.png 587,411,744,591,4
../dataset/images/00022369_013.png 168,399,342,586,2 210,389,795,577,3
../dataset/images/00019625_002.png 191,312,847,722,3
../dataset/images/00022416_018.png 358,424,925,777,1
../dataset/images/00014346_010.png 154,145,440,760,2
../dataset/images/00007034_016.png 767,578,857,753,2
../dataset/images/00026098_003.png 151,630,377,842,3
../dataset/images/00029039_020.png 162,118,832,673,3
../dataset/images/00020065_008.png 819,317,906,458,4
../dataset/images/00008547_001.png 806,682,949,823,2
../dataset/images/00005869_001.png 176,293,354,573,6 180,66,426,147,7
../dataset/images/00023116_005.png 641,439,821,597,0
../dataset/images/00011402_007.png 204,481,698,824,1 453,592,721,792,6
../dataset/images/00019124_006.png 528,64,873,360,7
../dataset/images/00011583_000.png 618,583,873,788,6
../dataset/images/00011450_000.png 735,495,832,592,5
../dataset/images/00022706_001.png 348,315,798,703,1
../dataset/images/00013659_019.png 559,168,662,304,4 550,463,722,739,6 292,85,399,135,7
../dataset/images/00009342_000.png 858,428,1012,682,2
../dataset/images/00013106_000.png 637,400,873,872,3
../dataset/images/00025252_053.png 14,641,351,801,2 650,640,796,903,7
../dataset/images/00022178_000.png 233,660,381,814,6
../dataset/images/00029532_014.png 301,708,565,928,3
../dataset/images/00019426_000.png 449,441,844,713,1
../dataset/images/00003894_005.png 582,168,872,607,6
../dataset/images/00022977_000.png 242,643,308,707,5
../dataset/images/00017877_001.png 660,570,861,648,0
../dataset/images/00025228_007.png 119,471,260,773,2
../dataset/images/00026132_016.png 701,482,781,557,5
../dataset/images/00029088_023.png 304,294,452,418,0
../dataset/images/00016191_017.png 684,593,884,756,0
../dataset/images/00007676_002.png 361,440,443,576,0
../dataset/images/00013635_002.png 363,330,826,700,1
../dataset/images/00020408_037.png 190,633,418,793,0
../dataset/images/00007043_000.png 291,361,821,800,1
../dataset/images/00015425_012.png 386,288,831,645,1
../dataset/images/00014795_002.png 289,542,438,675,0
../dataset/images/00022899_014.png 88,620,325,1009,3
../dataset/images/00017028_000.png 145,580,222,638,5
../dataset/images/00015018_004.png 805,361,860,418,5
../dataset/images/00025954_025.png 197,92,471,342,7
../dataset/images/00009683_005.png 33,360,307,661,2
../dataset/images/00006948_002.png 734,701,860,793,0
../dataset/images/00028452_001.png 630,410,886,559,0
../dataset/images/00008814_010.png 195,412,861,518,2 205,393,849,479,3 196,408,865,473,0
../dataset/images/00018366_000.png 191,608,255,677,5
../dataset/images/00025787_027.png 605,100,982,837,2 219,290,440,741,3
../dataset/images/00019917_004.png 613,777,861,824,0
../dataset/images/00018427_011.png 596,686,899,788,2
../dataset/images/00009403_002.png 646,637,718,710,5
../dataset/images/00000756_001.png 289,325,891,755,1
../dataset/images/00016184_040.png 698,540,742,591,4
../dataset/images/00019646_006.png 593,584,851,800,3
../dataset/images/00029464_015.png 720,611,911,663,2 199,353,814,676,0
../dataset/images/00022141_023.png 645,97,857,227,7
../dataset/images/00019924_020.png 632,630,820,1009,2
../dataset/images/00018319_001.png 184,223,823,566,6
../dataset/images/00008522_032.png 315,208,750,602,1
../dataset/images/00008365_000.png 338,510,756,913,1
../dataset/images/00029817_009.png 222,317,377,534,0
../dataset/images/00030634_000.png 142,611,459,708,2
../dataset/images/00018187_034.png 481,397,910,737,1
../dataset/images/00010767_016.png 118,178,430,769,7
../dataset/images/00017524_028.png 251,436,749,866,1
../dataset/images/00008841_025.png 155,486,420,587,2 584,81,777,168,7
../dataset/images/00010828_039.png 703,447,942,685,2 666,451,916,698,3 588,469,802,697,0
../dataset/images/00012829_004.png 169,540,337,633,0
../dataset/images/00020405_041.png 111,286,310,665,2 589,403,850,789,3
../dataset/images/00025270_000.png 269,521,368,588,0
../dataset/images/00026285_000.png 906,825,954,872,5
../dataset/images/00009437_008.png 752,596,916,674,0 743,581,931,858,2
../dataset/images/00011355_027.png 560,138,881,411,7
../dataset/images/00000344_003.png 172,230,270,452,2
../dataset/images/00016191_004.png 246,552,449,716,3
../dataset/images/00026865_003.png 623,477,817,646,3
../dataset/images/00018393_000.png 605,469,781,667,3 614,467,774,668,6
../dataset/images/00021377_016.png 724,673,898,775,0
../dataset/images/00015799_012.png 361,463,884,861,1
../dataset/images/00019271_065.png 211,500,353,610,0
../dataset/images/00020393_001.png 237,228,313,298,5
../dataset/images/00029469_009.png 469,466,844,840,6
../dataset/images/00027278_007.png 154,48,465,325,7
../dataset/images/00009705_000.png 338,309,881,679,1
../dataset/images/00027113_002.png 621,339,869,739,3
../dataset/images/00008008_027.png 647,488,742,592,4
../dataset/images/00011925_072.png 272,404,459,768,3 377,254,539,659,4
../dataset/images/00020482_011.png 501,515,695,795,3
../dataset/images/00011322_006.png 365,485,847,800,1
../dataset/images/00006096_010.png 128,576,432,716,3
../dataset/images/00003948_001.png 282,306,385,433,5
../dataset/images/00027817_001.png 761,390,958,757,2
../dataset/images/00026392_005.png 564,111,880,367,7
../dataset/images/00026194_010.png 312,107,465,257,3
../dataset/images/00012415_002.png 399,534,474,621,5
../dataset/images/00009619_000.png 300,659,409,772,0
../dataset/images/00030636_004.png 613,460,837,593,3 612,441,770,592,0
../dataset/images/00011502_001.png 442,318,809,699,1
../dataset/images/00010447_018.png 160,552,393,780,6
../dataset/images/00022961_008.png 565,505,779,650,6
../dataset/images/00028027_000.png 575,247,693,392,4
../dataset/images/00002395_007.png 232,449,307,607,2
../dataset/images/00008554_009.png 607,495,837,662,0
../dataset/images/00014447_004.png 212,422,376,518,0 155,429,249,698,2
../dataset/images/00014663_013.png 353,280,490,475,0
../dataset/images/00001075_024.png 290,326,444,524,4
../dataset/images/00029532_005.png 129,99,413,560,2
../dataset/images/00013249_031.png 383,479,787,737,1
../dataset/images/00021796_000.png 187,410,364,590,0
../dataset/images/00028628_015.png 169,154,342,564,2
../dataset/images/00003440_000.png 218,255,341,335,0 592,457,707,571,4
../dataset/images/00020124_003.png 361,285,468,420,4 175,580,420,684,0
../dataset/images/00028518_021.png 185,678,370,784,2
../dataset/images/00017981_014.png 255,312,450,452,3
../dataset/images/00000150_002.png 601,596,817,777,6
../dataset/images/00017710_009.png 120,147,374,743,6
../dataset/images/00010007_168.png 334,722,389,841,2
../dataset/images/00015895_017.png 720,355,877,878,2
../dataset/images/00020810_003.png 159,715,418,829,0
../dataset/images/00012094_011.png 213,256,415,633,6
../dataset/images/00018102_001.png 108,589,146,642,2
../dataset/images/00021381_013.png 564,579,846,668,2
../dataset/images/00010936_016.png 175,165,407,303,7
../dataset/images/00009863_058.png 314,373,496,635,6
../dataset/images/00005567_025.png 609,562,757,753,6
../dataset/images/00026920_000.png 343,446,464,500,0
../dataset/images/00021409_001.png 313,345,805,732,1
../dataset/images/00023138_009.png 170,327,430,838,6
../dataset/images/00017714_009.png 692,583,855,749,3
../dataset/images/00023156_001.png 230,231,385,347,0
../dataset/images/00015719_005.png 352,379,853,923,1
../dataset/images/00014223_009.png 225,388,709,675,1
../dataset/images/00007728_013.png 129,450,362,760,6
../dataset/images/00009368_006.png 368,281,436,388,7
../dataset/images/00002176_005.png 260,89,448,245,7
../dataset/images/00027441_002.png 121,135,339,698,2 209,341,394,630,3
../dataset/images/00006836_002.png 299,440,787,620,3
../dataset/images/00015831_011.png 573,580,831,857,3
../dataset/images/00013051_000.png 267,550,325,608,5
../dataset/images/00029909_003.png 168,169,401,259,7
../dataset/images/00014731_028.png 774,265,886,406,4
../dataset/images/00005532_014.png 338,330,800,677,1
../dataset/images/00003803_010.png 171,591,811,724,2
../dataset/images/00022192_003.png 176,221,438,524,4
../dataset/images/00013991_000.png 381,371,488,466,4
../dataset/images/00014687_001.png 726,495,867,550,0
../dataset/images/00027028_017.png 151,521,922,660,2
../dataset/images/00000398_003.png 370,389,854,765,1
../dataset/images/00020393_003.png 682,542,903,638,0 683,503,935,687,2
../dataset/images/00002711_000.png 187,376,462,751,6
../dataset/images/00014177_009.png 698,242,941,698,6
../dataset/images/00012505_007.png 255,169,493,701,2 340,405,528,641,3
../dataset/images/00027094_003.png 770,561,923,713,0
../dataset/images/00022155_008.png 686,277,842,354,0
../dataset/images/00009229_003.png 205,557,403,710,6
../dataset/images/00012670_000.png 428,421,857,737,1
../dataset/images/00016837_002.png 141,705,399,767,2 141,659,413,753,0
../dataset/images/00007882_001.png 151,642,353,700,2
../dataset/images/00000808_002.png 558,384,786,551,0
../dataset/images/00018032_000.png 251,348,395,460,6
../dataset/images/00022237_002.png 270,472,397,574,4
../dataset/images/00000744_006.png 147,510,289,629,0
../dataset/images/00012576_004.png 195,466,466,744,6
../dataset/images/00022883_002.png 114,511,848,620,0
../dataset/images/00013508_001.png 324,593,502,684,0 286,517,376,610,4
../dataset/images/00015732_020.png 664,419,863,608,3
../dataset/images/00021896_003.png 238,138,465,352,7
../dataset/images/00026538_012.png 632,417,816,613,3
../dataset/images/00014203_018.png 555,246,733,453,3
../dataset/images/00021972_001.png 144,510,437,632,2
../dataset/images/00010770_000.png 245,371,451,440,0
../dataset/images/00021967_000.png 182,92,547,678,2
../dataset/images/00001836_041.png 626,386,659,412,5
../dataset/images/00015831_008.png 622,543,740,707,0
../dataset/images/00014014_013.png 649,384,819,554,4
../dataset/images/00026261_001.png 196,281,434,520,4
../dataset/images/00021420_020.png 167,690,259,781,4
../dataset/images/00019150_002.png 648,333,893,803,3
../dataset/images/00013285_026.png 178,500,218,766,2
../dataset/images/00021420_014.png 788,272,858,349,5
../dataset/images/00020274_007.png 788,469,857,616,2 300,384,399,493,4
../dataset/images/00009218_015.png 194,219,415,812,2
../dataset/images/00021303_005.png 223,552,440,790,6
../dataset/images/00014294_011.png 700,528,879,690,6
../dataset/images/00003072_028.png 25,339,310,789,2
../dataset/images/00027697_001.png 710,385,904,442,0 158,490,469,700,4
../dataset/images/00016267_000.png 178,599,411,816,0
../dataset/images/00015794_000.png 68,649,117,694,5
../dataset/images/00015583_000.png 678,340,726,376,5
../dataset/images/00014626_028.png 332,354,771,756,1
../dataset/images/00019157_008.png 592,264,879,748,6
../dataset/images/00026769_010.png 792,417,847,470,5
../dataset/images/00018055_005.png 134,132,477,602,7
../dataset/images/00016291_012.png 146,575,349,811,6
../dataset/images/00010071_008.png 203,682,275,864,7
../dataset/images/00000830_000.png 575,490,856,606,0 310,399,406,519,4
../dataset/images/00003973_008.png 177,546,398,743,3
../dataset/images/00014839_017.png 612,352,817,647,6
../dataset/images/00010828_023.png 575,395,839,743,6
../dataset/images/00028698_001.png 850,404,912,574,4
../dataset/images/00021009_001.png 318,364,778,674,1 154,66,784,619,3
../dataset/images/00021420_027.png 193,566,299,652,4
../dataset/images/00028383_002.png 780,772,866,829,2 164,168,420,701,3
../dataset/images/00004342_020.png 316,387,791,818,1
../dataset/images/00023026_008.png 183,564,887,964,3
../dataset/images/00005532_016.png 326,417,739,758,1
../dataset/images/00020277_001.png 694,428,896,821,2
../dataset/images/00007551_020.png 352,524,811,873,1
../dataset/images/00019863_010.png 167,504,409,695,6
../dataset/images/00013922_021.png 581,107,838,410,3
../dataset/images/00018253_054.png 182,310,429,815,2 260,466,459,656,3
../dataset/images/00002533_002.png 281,26,490,560,2
../dataset/images/00018233_057.png 348,386,759,733,1
../dataset/images/00001039_005.png 588,275,799,555,3
../dataset/images/00013209_018.png 191,123,476,358,7
../dataset/images/00017611_002.png 259,450,422,598,4
../dataset/images/00000147_001.png 618,599,718,779,0
../dataset/images/00019058_004.png 350,458,442,599,5
../dataset/images/00025787_050.png 612,180,666,432,7
../dataset/images/00022726_002.png 688,401,816,521,4
../dataset/images/00002290_001.png 260,717,324,765,5
../dataset/images/00027631_000.png 838,713,947,855,2
../dataset/images/00026886_002.png 225,197,459,874,7
../dataset/images/00019124_104.png 119,139,412,478,7
../dataset/images/00029105_015.png 229,428,349,550,4
../dataset/images/00011366_002.png 296,389,961,1022,3 270,421,986,1022,6
../dataset/images/00014706_018.png 370,447,795,738,1
../dataset/images/00005089_040.png 619,99,869,778,2
../dataset/images/00016291_020.png 533,619,773,887,6
../dataset/images/00013685_028.png 264,492,785,638,0
../dataset/images/00012141_013.png 580,209,822,588,6
../dataset/images/00010381_000.png 390,313,845,673,1
../dataset/images/00029502_006.png 221,589,472,768,0 148,453,405,846,2
../dataset/images/00010277_000.png 863,693,936,806,2 633,417,905,639,3 298,311,838,589,4 642,424,907,647,6
../dataset/images/00002059_008.png 375,466,930,830,1
../dataset/images/00001534_005.png 397,342,887,724,1
../dataset/images/00028518_012.png 219,409,774,750,3
../dataset/images/00002583_014.png 609,398,928,805,2
../dataset/images/00028625_000.png 338,451,458,547,0
../dataset/images/00026221_001.png 199,728,302,844,5 138,151,457,657,7
../dataset/images/00001836_082.png 170,570,334,679,0 337,389,477,504,4
../dataset/images/00005066_005.png 331,488,839,836,1
../dataset/images/00023078_000.png 741,687,793,736,5
../dataset/images/00021364_001.png 336,450,831,756,1
../dataset/images/00022837_005.png 748,353,846,471,4
../dataset/images/00019313_000.png 749,616,847,723,4
../dataset/images/00018419_001.png 747,643,863,695,0
../dataset/images/00010575_002.png 233,605,467,763,0 696,592,944,766,2
../dataset/images/00011151_004.png 332,207,707,573,4
../dataset/images/00018814_000.png 688,515,789,608,5
../dataset/images/00013951_001.png 301,267,364,316,5
../dataset/images/00016064_010.png 228,451,475,659,6
../dataset/images/00015262_005.png 137,535,287,631,0
../dataset/images/00021132_000.png 705,205,866,680,2
../dataset/images/00016587_069.png 755,407,826,466,5
../dataset/images/00019187_000.png 397,384,861,768,1
../dataset/images/00030111_007.png 593,97,750,348,7
../dataset/images/00014626_017.png 272,134,374,285,7
../dataset/images/00015530_147.png 187,66,391,681,7
../dataset/images/00019363_043.png 477,491,717,725,3
../dataset/images/00019750_029.png 674,377,872,610,3
../dataset/images/00004296_000.png 731,753,851,846,0
../dataset/images/00011237_094.png 129,230,289,739,2 587,280,741,592,3
../dataset/images/00030260_005.png 280,648,387,753,0
../dataset/images/00012374_000.png 656,257,738,337,5
../dataset/images/00020274_021.png 159,438,260,506,5
../dataset/images/00013111_069.png 475,403,619,662,0
../dataset/images/00020671_010.png 220,391,413,607,7
../dataset/images/00019018_007.png 366,521,810,789,1 186,298,797,765,3
../dataset/images/00029807_003.png 165,82,521,385,7
../dataset/images/00017448_000.png 355,483,834,876,1
../dataset/images/00015078_013.png 62,567,963,800,2
../dataset/images/00012288_000.png 355,460,801,725,1
../dataset/images/00010610_003.png 200,440,386,730,6
../dataset/images/00014956_010.png 599,189,960,777,6
../dataset/images/00009779_001.png 712,494,874,563,0
../dataset/images/00000865_006.png 839,624,917,664,0
../dataset/images/00025368_018.png 152,122,470,394,7
../dataset/images/00016972_025.png 689,524,809,721,2
../dataset/images/00000661_000.png 299,437,848,866,1
../dataset/images/00020751_003.png 747,155,996,813,2
../dataset/images/00013993_083.png 138,218,392,915,2 596,353,848,679,3
../dataset/images/00012123_001.png 639,611,913,827,0
../dataset/images/00015440_000.png 636,306,789,374,0 176,294,483,808,4
../dataset/images/00004461_000.png 329,393,741,741,1
../dataset/images/00010652_000.png 205,562,417,667,6
../dataset/images/00015069_001.png 171,187,857,718,3 202,228,852,736,6
../dataset/images/00017243_010.png 77,602,166,686,5 22,291,146,856,7
../dataset/images/00010103_014.png 344,413,385,458,5
../dataset/images/00005140_001.png 126,262,265,709,7
../dataset/images/00018366_010.png 714,294,847,493,4
../dataset/images/00014251_029.png 131,214,883,764,3
../dataset/images/00008386_000.png 712,358,770,405,5
../dataset/images/00029259_027.png 788,387,900,678,7
../dataset/images/00017257_001.png 427,225,744,575,4
../dataset/images/00013992_006.png 281,528,410,608,0
../dataset/images/00021489_013.png 526,386,780,614,6
../dataset/images/00022084_000.png 210,347,973,816,6
../dataset/images/00016487_002.png 640,692,728,772,5
../dataset/images/00013993_013.png 589,423,774,658,6
../dataset/images/00029940_007.png 212,383,357,566,0
../dataset/images/00025969_000.png 364,285,803,665,1
../dataset/images/00007124_006.png 581,363,898,723,3
../dataset/images/00017514_008.png 347,445,883,781,1
../dataset/images/00014015_003.png 105,409,381,587,2
../dataset/images/00012094_006.png 403,414,817,818,1
../dataset/images/00000468_017.png 149,519,262,564,0
../dataset/images/00022899_000.png 716,481,938,798,2
../dataset/images/00011514_015.png 552,459,749,635,6
../dataset/images/00006304_060.png 699,335,872,589,3
../dataset/images/00027937_004.png 167,528,276,630,5
../dataset/images/00020318_022.png 552,87,828,326,7
../dataset/images/00029469_011.png 725,430,897,882,2
../dataset/images/00020857_008.png 190,572,753,775,0
../dataset/images/00016606_000.png 367,425,855,804,1
../dataset/images/00011157_001.png 202,492,327,612,4
../dataset/images/00010478_012.png 212,587,459,789,0
../dataset/images/00009669_003.png 158,649,419,869,0
../dataset/images/00008005_004.png 636,590,724,765,0
../dataset/images/00007037_000.png 289,487,789,872,1
../dataset/images/00003149_007.png 543,375,778,677,3
../dataset/images/00011832_002.png 744,351,815,425,5
../dataset/images/00000902_001.png 351,635,440,720,4
../dataset/images/00004893_070.png 200,532,361,686,6
../dataset/images/00029617_006.png 615,592,832,759,3
../dataset/images/00021700_010.png 587,83,789,249,7
../dataset/images/00029200_006.png 132,508,288,623,0
../dataset/images/00023093_009.png 433,353,821,626,1
../dataset/images/00011124_000.png 242,482,357,609,3
../dataset/images/00012045_019.png 424,493,479,548,5
../dataset/images/00018055_045.png 90,310,134,409,7
../dataset/images/00005089_014.png 180,477,319,548,0 645,187,873,783,2
../dataset/images/00001688_000.png 667,276,790,427,5
../dataset/images/00015563_011.png 321,484,821,935,1
../dataset/images/00020184_013.png 155,494,387,742,3
../dataset/images/00021862_004.png 608,559,726,695,0
../dataset/images/00016417_008.png 197,669,452,845,3
../dataset/images/00026136_002.png 551,556,829,664,0
../dataset/images/00016429_015.png 147,94,527,663,7
../dataset/images/00021321_002.png 191,44,394,316,7
../dataset/images/00015792_005.png 268,294,347,372,5
../dataset/images/00027357_014.png 63,105,325,751,2 652,457,789,653,3
../dataset/images/00000468_033.png 204,503,321,556,0
../dataset/images/00011322_002.png 347,357,854,842,1
../dataset/images/00014778_000.png 237,333,289,381,5
../dataset/images/00014083_023.png 640,610,918,743,7
../dataset/images/00013993_077.png 168,408,369,631,2 209,403,781,796,6
../dataset/images/00001373_039.png 260,501,824,991,1
../dataset/images/00004342_023.png 342,436,798,814,1
../dataset/images/00025228_005.png 592,458,887,700,0
../dataset/images/00027093_002.png 285,285,472,641,6
../dataset/images/00004911_018.png 696,320,796,409,5
../dataset/images/00016009_008.png 572,576,727,826,0
../dataset/images/00021818_026.png 600,298,865,596,6
../dataset/images/00019499_000.png 724,312,835,410,4
../dataset/images/00028628_008.png 607,99,818,422,7
../dataset/images/00012834_122.png 77,95,336,969,2
../dataset/images/00017138_037.png 118,286,309,768,2 194,427,415,863,3
../dataset/images/00021458_000.png 635,494,819,656,6
../dataset/images/00014253_010.png 37,247,283,330,0
../dataset/images/00029647_002.png 336,406,830,793,1
../dataset/images/00026555_001.png 727,378,870,587,2
../dataset/images/00028265_007.png 799,607,885,707,4
../dataset/images/00013721_005.png 272,427,490,591,6
../dataset/images/00010120_010.png 226,370,912,771,3 207,400,898,858,6
../dataset/images/00029843_001.png 257,449,387,559,0
../dataset/images/00017403_006.png 595,576,787,881,2
../dataset/images/00022416_048.png 103,222,848,587,3
../dataset/images/00023168_000.png 216,678,310,802,4
../dataset/images/00027556_007.png 172,646,311,761,0 70,196,241,432,4
../dataset/images/00030162_026.png 540,269,634,343,7
../dataset/images/00029808_003.png 322,410,769,805,1 610,339,807,642,6
../dataset/images/00014716_007.png 686,132,872,445,0
../dataset/images/00017098_003.png 300,285,359,362,5
../dataset/images/00017188_002.png 200,480,428,571,2
../dataset/images/00026810_001.png 766,708,886,764,2
../dataset/images/00018657_003.png 724,450,894,743,2
../dataset/images/00003394_006.png 313,376,754,679,1
../dataset/images/00027797_000.png 430,408,925,730,1
../dataset/images/00017893_005.png 387,365,878,772,1
../dataset/images/00029075_013.png 657,134,907,364,7
../dataset/images/00026911_005.png 348,308,433,403,5
../dataset/images/00005353_000.png 114,200,341,582,6
../dataset/images/00014198_000.png 676,512,775,705,0
../dataset/images/00012834_113.png 569,260,835,684,6
../dataset/images/00020564_000.png 776,359,890,599,2
../dataset/images/00018762_001.png 683,663,765,740,4
../dataset/images/00023283_005.png 549,486,767,711,6
../dataset/images/00013625_069.png 126,204,855,826,6
../dataset/images/00029588_004.png 41,198,307,764,2
../dataset/images/00012376_011.png 770,480,845,558,4
../dataset/images/00028974_016.png 769,582,934,778,2
../dataset/images/00020349_006.png 463,311,743,606,0
../dataset/images/00002350_001.png 726,481,874,570,0
../dataset/images/00021179_011.png 125,173,480,840,4
../dataset/images/00014197_010.png 621,661,954,856,6
../dataset/images/00030162_029.png 327,381,396,455,5 622,168,826,327,7
../dataset/images/00011291_003.png 694,146,882,350,4
../dataset/images/00000211_019.png 340,423,841,830,1
../dataset/images/00000211_041.png 224,417,736,847,1
../dataset/images/00019769_014.png 623,402,792,596,3
../dataset/images/00013992_005.png 233,476,404,762,6
../dataset/images/00009608_037.png 480,426,700,795,6
../dataset/images/00013885_000.png 437,273,480,317,5
../dataset/images/00025787_039.png 87,99,270,669,7
../dataset/images/00021007_000.png 344,469,450,571,0
../dataset/images/00012261_001.png 454,434,987,853,1 629,512,870,729,6
../dataset/images/00012592_005.png 772,528,858,594,5
../dataset/images/00014870_004.png 116,612,338,707,0
../dataset/images/00009166_004.png 156,244,239,546,7
../dataset/images/00018496_006.png 81,710,953,929,0
../dataset/images/00018101_012.png 172,184,431,508,4
../dataset/images/00015300_000.png 171,396,319,543,0 216,476,293,529,4
../dataset/images/00012299_002.png 196,576,854,656,0
../dataset/images/00019124_090.png 657,494,752,570,5
../dataset/images/00013118_008.png 225,547,312,626,0
../dataset/images/00017972_026.png 664,247,755,452,7
../dataset/images/00016094_007.png 179,474,300,608,3
../dataset/images/00028620_000.png 799,669,952,752,0
../dataset/images/00004342_050.png 185,361,322,783,7
../dataset/images/00019750_012.png 141,152,854,587,3
../dataset/images/00007830_013.png 197,264,406,794,2
../dataset/images/00022572_087.png 22,246,234,707,2
../dataset/images/00027479_013.png 773,566,959,634,2 240,106,923,599,3
../dataset/images/00012636_000.png 776,532,895,601,0
../dataset/images/00013685_000.png 259,436,370,486,0
../dataset/images/00011355_011.png 501,52,929,506,7
../dataset/images/00021181_002.png 151,391,436,598,2
../dataset/images/00002224_007.png 217,335,396,631,3
../dataset/images/00004630_001.png 285,439,797,783,1
../dataset/images/00023176_010.png 280,506,956,663,0
../dataset/images/00012291_008.png 233,632,459,706,0
../dataset/images/00001933_000.png 555,579,730,773,6
../dataset/images/00020113_030.png 262,396,397,523,3
../dataset/images/00026695_000.png 342,197,459,329,4
../dataset/images/00028640_008.png 764,544,897,811,2
../dataset/images/00015141_002.png 796,604,847,670,5
../dataset/images/00012637_000.png 728,500,860,583,0
../dataset/images/00000032_037.png 339,119,511,470,3
../dataset/images/00018921_038.png 303,283,565,633,3
../dataset/images/00028924_009.png 730,225,855,485,7
../dataset/images/00019177_000.png 283,258,381,368,5
../dataset/images/00021495_005.png 542,640,841,906,0
../dataset/images/00014149_018.png 660,438,826,704,2
../dataset/images/00003400_003.png 608,57,849,286,7
../dataset/images/00029631_006.png 119,509,290,614,0
../dataset/images/00017511_006.png 339,424,736,758,1
../dataset/images/00014116_009.png 697,320,751,377,5
../dataset/images/00008716_000.png 708,710,859,814,0
../dataset/images/00020429_020.png 167,591,349,676,0
../dataset/images/00005532_019.png 684,235,754,294,4
../dataset/images/00013391_005.png 90,366,394,684,3 102,314,409,678,6
../dataset/images/00000583_008.png 293,454,504,515,0
../dataset/images/00012094_040.png 577,112,723,218,7
../dataset/images/00017714_006.png 813,508,936,837,2
../dataset/images/00025252_054.png 659,721,804,946,7
../dataset/images/00022572_063.png 70,518,353,838,2
../dataset/images/00003391_001.png 311,243,532,604,6
../dataset/images/00016987_019.png 264,608,372,685,0
../dataset/images/00008841_044.png 147,48,471,213,7
../dataset/images/00007444_003.png 626,418,856,660,6
../dataset/images/00018366_029.png 560,471,812,537,2 596,129,798,325,7
../dataset/images/00004344_002.png 255,299,426,691,6
../dataset/images/00020673_005.png 562,327,822,497,0
../dataset/images/00026538_034.png 502,489,688,711,3
../dataset/images/00004344_022.png 376,508,842,883,1
../dataset/images/00017151_003.png 624,489,838,687,0
../dataset/images/00013673_001.png 151,436,232,506,5
../dataset/images/00030413_003.png 256,237,345,314,5
../dataset/images/00011814_031.png 169,454,357,754,4
../dataset/images/00012834_008.png 112,413,310,485,0 5,360,280,781,2
../dataset/images/00007710_000.png 624,440,841,527,0
../dataset/images/00012270_005.png 743,235,856,347,4
../dataset/images/00018686_000.png 353,308,851,761,1
../dataset/images/00004822_051.png 359,368,882,763,1
../dataset/images/00025521_003.png 73,520,180,780,2 591,549,832,694,3
../dataset/images/00026196_001.png 393,491,476,571,4 316,584,456,747,6
../dataset/images/00019634_004.png 698,624,913,883,3
../dataset/images/00013249_052.png 335,383,857,674,1
../dataset/images/00011263_004.png 312,392,868,876,1
../dataset/images/00019154_002.png 294,126,425,342,0
../dataset/images/00028208_005.png 272,295,970,706,3 279,318,963,696,6
../dataset/images/00013337_000.png 62,314,339,763,2
../dataset/images/00019089_004.png 574,626,818,811,0
../dataset/images/00015400_001.png 299,351,778,761,1
../dataset/images/00018360_035.png 717,523,938,815,2
../dataset/images/00009229_007.png 724,547,792,621,4
../dataset/images/00000149_006.png 604,460,853,550,0
../dataset/images/00004344_046.png 368,333,848,707,1
../dataset/images/00011925_076.png 124,106,419,481,4
../dataset/images/00022707_003.png 754,569,926,641,0
../dataset/images/00000845_000.png 371,367,825,792,1
../dataset/images/00025686_000.png 597,670,929,775,2
../dataset/images/00013674_000.png 210,320,269,377,5
../dataset/images/00017972_032.png 186,261,437,694,3
../dataset/images/00019706_012.png 210,428,416,554,3