../dataset/images/00004342_002.png 200,488,678,967,1
../dataset/images/00015719_005.png 352,379,853,923,1
../dataset/images/00009745_000.png 329,400,786,782,1
../dataset/images/00015262_005.png 137,535,287,631,0
../dataset/images/00014663_013.png 353,280,490,475,0
../dataset/images/00019124_045.png 332,521,458,589,0
../dataset/images/00008399_007.png 363,379,910,751,1
../dataset/images/00011322_002.png 347,357,854,842,1
../dataset/images/00020429_020.png 167,591,349,676,0
../dataset/images/00014253_010.png 37,247,283,330,0
../dataset/images/00014626_028.png 332,354,771,756,1
../dataset/images/00029088_023.png 304,294,452,418,0
../dataset/images/00002059_008.png 375,466,930,830,1
../dataset/images/00014687_001.png 726,495,867,550,0
../dataset/images/00008716_000.png 708,710,859,814,0
../dataset/images/00000865_006.png 839,624,917,664,0
../dataset/images/00026136_002.png 551,556,829,664,0
../dataset/images/00017893_005.png 387,365,878,772,1
../dataset/images/00021007_000.png 344,469,450,571,0
../dataset/images/00013249_031.png 383,479,787,737,1
../dataset/images/00015440_000.png 636,306,789,374,0
../dataset/images/00028012_001.png 560,463,887,662,0
../dataset/images/00008522_032.png 315,208,750,602,1
../dataset/images/00009256_005.png 306,393,417,508,0
../dataset/images/00013118_008.png 225,547,312,626,0
../dataset/images/00017178_007.png 345,300,791,679,1
../dataset/images/00015770_010.png 364,470,815,741,1
../dataset/images/00026889_000.png 237,372,830,825,1
../dataset/images/00018686_000.png 353,308,851,761,1
../dataset/images/00011827_003.png 569,471,876,595,0
../dataset/images/00004344_046.png 368,333,848,707,1
../dataset/images/00005532_016.png 326,417,739,758,1
../dataset/images/00020673_005.png 562,327,822,497,0
../dataset/images/00002704_029.png 334,332,780,699,1
../dataset/images/00028509_026.png 311,400,816,744,1
../dataset/images/00005066_005.png 331,488,839,836,1
../dataset/images/00023325_019.png 344,281,822,631,1
../dataset/images/00017255_001.png 693,598,814,687,0
../dataset/images/00022707_003.png 754,569,926,641,0
../dataset/images/00004344_018.png 391,393,896,824,1
../dataset/images/00011857_001.png 715,537,924,620,0
../dataset/images/00012670_000.png 428,421,857,737,1
../dataset/images/00012123_001.png 639,611,913,827,0
../dataset/images/00021364_001.png 336,450,831,756,1
../dataset/images/00011502_001.png 442,318,809,699,1
../dataset/images/00013992_006.png 281,528,410,608,0
../dataset/images/00027474_005.png 276,407,377,471,0
../dataset/images/00008365_000.png 338,510,756,913,1
../dataset/images/00005066_030.png 277,459,817,761,1
../dataset/images/00000211_010.png 353,535,455,703,0
../dataset/images/00002350_001.png 726,481,874,570,0
../dataset/images/00029200_006.png 132,508,288,623,0
../dataset/images/00030260_004.png 368,550,426,773,0
../dataset/images/00012515_002.png 289,638,373,695,0
../dataset/images/00028173_016.png 565,500,677,638,0
../dataset/images/00005532_000.png 383,262,858,676,1
../dataset/images/00000661_000.png 299,437,848,866,1
../dataset/images/00012094_006.png 403,414,817,818,1
../dataset/images/00013508_001.png 324,593,502,684,0
../dataset/images/00009437_008.png 752,596,916,674,0
../dataset/images/00027094_003.png 770,561,923,713,0
../dataset/images/00003148_004.png 596,506,652,686,0
../dataset/images/00012636_000.png 776,532,895,601,0
../dataset/images/00000072_000.png 357,568,484,650,0
../dataset/images/00001369_000.png 337,276,891,663,1
../dataset/images/00015799_012.png 361,463,884,861,1
../dataset/images/00007037_000.png 289,487,789,872,1
../dataset/images/00007120_009.png 249,549,386,636,0
../dataset/images/00006948_002.png 734,701,860,793,0
../dataset/images/00029647_002.png 336,406,830,793,1
../dataset/images/00025228_005.png 592,458,887,700,0
../dataset/images/00029906_000.png 330,449,763,764,1
../dataset/images/00010478_012.png 212,587,459,789,0
../dataset/images/00025221_001.png 539,583,882,904,0
../dataset/images/00020810_003.png 159,715,418,829,0
../dataset/images/00004342_020.png 316,387,791,818,1
../dataset/images/00001673_016.png 282,548,333,649,0
../dataset/images/00030635_001.png 577,491,817,713,0
../dataset/images/00017582_003.png 257,403,456,546,0
../dataset/images/00022706_001.png 348,315,798,703,1
../dataset/images/00009705_000.png 338,309,881,679,1
../dataset/images/00027797_000.png 430,408,925,730,1
../dataset/images/00021481_014.png 595,401,696,560,0
../dataset/images/00015064_001.png 379,450,983,967,1
../dataset/images/00004344_014.png 329,312,796,763,1
../dataset/images/00023176_010.png 280,506,956,663,0
../dataset/images/00004893_085.png 386,344,850,733,1
../dataset/images/00021009_001.png 318,364,778,674,1
../dataset/images/00017514_008.png 347,445,883,781,1
../dataset/images/00020393_003.png 682,542,903,638,0
../dataset/images/00014607_007.png 201,661,843,875,0
../dataset/images/00020349_006.png 463,311,743,606,0
../dataset/images/00008814_010.png 196,408,865,473,0
../dataset/images/00013685_028.png 264,492,785,638,0
../dataset/images/00000468_017.png 149,519,262,564,0
../dataset/images/00019495_004.png 738,566,888,605,0
../dataset/images/00004342_023.png 342,436,798,814,1
../dataset/images/00003945_004.png 69,471,375,639,0
../dataset/images/00021495_005.png 542,640,841,906,0
../dataset/images/00016990_000.png 313,475,772,777,1
../dataset/images/00018427_004.png 94,632,272,704,0
../dataset/images/00027685_003.png 340,324,809,705,1
../dataset/images/00004296_000.png 731,753,851,846,0
../dataset/images/00010575_002.png 233,605,467,763,0
../dataset/images/00000181_061.png 210,569,424,824,0
../dataset/images/00004968_003.png 641,685,907,791,0
../dataset/images/00013685_000.png 259,436,370,486,0
../dataset/images/00018412_001.png 213,616,786,708,0
../dataset/images/00012261_001.png 454,434,987,853,1
../dataset/images/00004534_001.png 257,428,807,844,1
../dataset/images/00009779_001.png 712,494,874,563,0
../dataset/images/00000468_033.png 204,503,321,556,0
../dataset/images/00019271_064.png 265,509,859,777,0
../dataset/images/00010625_014.png 271,443,816,580,0
../dataset/images/00002856_009.png 218,637,435,739,0
../dataset/images/00004461_000.png 329,393,741,741,1
../dataset/images/00029808_003.png 322,410,769,805,1
../dataset/images/00013346_015.png 374,423,834,945,1
../dataset/images/00019426_000.png 449,441,844,713,1
../dataset/images/00030260_005.png 280,648,387,753,0
../dataset/images/00001836_082.png 170,570,334,679,0
../dataset/images/00006621_004.png 308,402,522,616,0
../dataset/images/00014223_009.png 225,388,709,675,1
../dataset/images/00007710_000.png 624,440,841,527,0
../dataset/images/00000756_001.png 289,325,891,755,1
../dataset/images/00023156_001.png 230,231,385,347,0
../dataset/images/00022215_012.png 324,353,837,770,1
../dataset/images/00028625_000.png 338,451,458,547,0
../dataset/images/00014706_018.png 370,447,795,738,1
../dataset/images/00019271_065.png 211,500,353,610,0
../dataset/images/00012834_008.png 112,413,310,485,0
../dataset/images/00017500_002.png 765,614,871,676,0
../dataset/images/00012793_000.png 353,378,847,782,1
../dataset/images/00028018_000.png 353,453,809,882,1
../dataset/images/00019187_000.png 397,384,861,768,1
../dataset/images/00025969_000.png 364,285,803,665,1
../dataset/images/00018419_001.png 747,643,863,695,0
../dataset/images/00019706_014.png 663,436,834,576,0
../dataset/images/00016987_019.png 264,608,372,685,0
../dataset/images/00000740_000.png 301,385,778,772,1
../dataset/images/00027866_002.png 145,618,747,832,0
../dataset/images/00021377_016.png 724,673,898,775,0
../dataset/images/00000398_003.png 370,389,854,765,1
../dataset/images/00020438_011.png 329,361,816,841,1
../dataset/images/00001170_046.png 635,383,880,577,0
../dataset/images/00027697_001.png 710,385,904,442,0
../dataset/images/00014795_002.png 289,542,438,675,0
../dataset/images/00003440_000.png 218,255,341,335,0
../dataset/images/00023176_017.png 323,256,857,682,1
../dataset/images/00006912_007.png 330,392,771,719,1
../dataset/images/00010481_021.png 763,552,924,620,0
../dataset/images/00022416_049.png 789,427,872,557,0
../dataset/images/00029940_007.png 212,383,357,566,0
../dataset/images/00014095_003.png 297,497,469,592,0
../dataset/images/00016564_000.png 385,391,837,696,1
../dataset/images/00022155_008.png 686,277,842,354,0
../dataset/images/00001534_005.png 397,342,887,724,1
../dataset/images/00000845_000.png 371,367,825,792,1
../dataset/images/00014706_007.png 403,357,775,703,1
../dataset/images/00028620_000.png 799,669,952,752,0
../dataset/images/00007124_008.png 544,488,852,675,0
../dataset/images/00013635_002.png 363,330,826,700,1
../dataset/images/00029817_009.png 222,317,377,534,0
../dataset/images/00014716_007.png 686,132,872,445,0
../dataset/images/00000830_000.png 575,490,856,606,0
../dataset/images/00020986_000.png 418,382,860,673,1
../dataset/images/00028607_000.png 404,302,902,746,1
../dataset/images/00007557_026.png 132,706,353,830,0
../dataset/images/00021796_000.png 187,410,364,590,0
../dataset/images/00022883_002.png 114,511,848,620,0
../dataset/images/00030674_000.png 633,252,861,462,0
../dataset/images/00025747_000.png 336,372,830,739,1
../dataset/images/00026338_003.png 352,346,791,660,1
../dataset/images/00018233_057.png 348,386,759,733,1
../dataset/images/00010770_000.png 245,371,451,440,0
../dataset/images/00019861_010.png 270,358,804,754,1
../dataset/images/00027556_007.png 172,646,311,761,0
../dataset/images/00012364_006.png 326,366,757,748,1
../dataset/images/00029464_006.png 92,285,263,479,0
../dataset/images/00021845_001.png 308,374,696,738,1
../dataset/images/00000457_004.png 803,282,896,387,0
../dataset/images/00013125_000.png 169,406,831,825,1
../dataset/images/00015304_001.png 290,335,907,829,1
../dataset/images/00016191_017.png 684,593,884,756,0
../dataset/images/00020819_002.png 368,340,863,737,1
../dataset/images/00018496_006.png 81,710,953,929,0
../dataset/images/00004533_014.png 451,307,899,699,1
../dataset/images/00016403_003.png 892,877,1003,943,0
../dataset/images/00016267_000.png 178,599,411,816,0
../dataset/images/00012288_000.png 355,460,801,725,1
../dataset/images/00018187_034.png 481,397,910,737,1
../dataset/images/00000744_006.png 147,510,289,629,0
../dataset/images/00012741_004.png 442,435,889,843,1
../dataset/images/00023093_009.png 433,353,821,626,1
../dataset/images/00030434_000.png 668,646,744,885,0
../dataset/images/00029391_000.png 315,371,801,748,1
../dataset/images/00018253_017.png 548,529,712,735,0
../dataset/images/00008554_009.png 607,495,837,662,0
../dataset/images/00022416_018.png 358,424,925,777,1
../dataset/images/00012686_003.png 325,411,861,814,1
../dataset/images/00013249_052.png 335,383,857,674,1
../dataset/images/00009669_003.png 158,649,419,869,0
../dataset/images/00016624_000.png 553,348,921,679,1
../dataset/images/00000147_001.png 618,599,718,779,0
../dataset/images/00011402_007.png 204,481,698,824,1
../dataset/images/00010936_011.png 271,581,376,779,0
../dataset/images/00021409_001.png 313,345,805,732,1
../dataset/images/00004630_001.png 285,439,797,783,1
../dataset/images/00014870_004.png 116,612,338,707,0
../dataset/images/00026087_000.png 339,463,757,857,1
../dataset/images/00019373_036.png 667,406,840,519,0
../dataset/images/00011322_006.png 365,485,847,800,1
../dataset/images/00003787_003.png 289,470,457,589,0
../dataset/images/00017511_006.png 339,424,736,758,1
../dataset/images/00015425_012.png 386,288,831,645,1
../dataset/images/00016972_019.png 515,635,813,864,0
../dataset/images/00029502_006.png 221,589,472,768,0
../dataset/images/00007551_020.png 352,524,811,873,1
../dataset/images/00029843_001.png 257,449,387,559,0
../dataset/images/00019089_004.png 574,626,818,811,0
../dataset/images/00021443_000.png 286,373,831,788,1
../dataset/images/00008339_010.png 349,347,874,734,1
../dataset/images/00004822_051.png 359,368,882,763,1
../dataset/images/00011263_004.png 312,392,868,876,1
../dataset/images/00019271_030.png 235,697,390,810,0
../dataset/images/00012829_004.png 169,540,337,633,0
../dataset/images/00000211_019.png 340,423,841,830,1
../dataset/images/00013249_033.png 415,403,882,748,1
../dataset/images/00015400_001.png 299,351,778,761,1
../dataset/images/00000808_002.png 558,384,786,551,0
../dataset/images/00016606_000.png 367,425,855,804,1
../dataset/images/00000211_041.png 224,417,736,847,1
../dataset/images/00028873_009.png 334,282,728,639,1
../dataset/images/00021024_022.png 720,522,882,713,0
../dataset/images/00005827_000.png 393,308,845,779,1
../dataset/images/00010381_000.png 390,313,845,673,1
../dataset/images/00013670_151.png 438,480,900,814,1
../dataset/images/00014253_042.png 213,514,825,827,0
../dataset/images/00029631_006.png 119,509,290,614,0
../dataset/images/00016414_000.png 386,430,957,880,1
../dataset/images/00016987_022.png 83,490,381,611,0
../dataset/images/00021862_004.png 608,559,726,695,0
../dataset/images/00018387_030.png 389,358,885,653,1
../dataset/images/00018187_029.png 342,422,855,882,1
../dataset/images/00018693_004.png 300,436,848,835,1
../dataset/images/00006851_034.png 251,617,411,740,0
../dataset/images/00000732_005.png 428,464,840,809,1
../dataset/images/00025368_014.png 295,685,412,769,0
../dataset/images/00027464_033.png 296,230,816,625,1
../dataset/images/00028873_004.png 322,321,761,656,1
../dataset/images/00019018_007.png 366,521,810,789,1
../dataset/images/00030106_008.png 225,518,455,787,0
../dataset/images/00017524_028.png 251,436,749,866,1
../dataset/images/00020408_037.png 190,633,418,793,0
../dataset/images/00015831_008.png 622,543,740,707,0
../dataset/images/00014198_000.png 676,512,775,705,0
../dataset/images/00014447_004.png 212,422,376,518,0
../dataset/images/00022215_011.png 394,479,885,835,1
../dataset/images/00008005_004.png 636,590,724,765,0
../dataset/images/00004578_004.png 432,391,865,762,1
../dataset/images/00016490_011.png 183,523,351,587,0
../dataset/images/00007735_040.png 400,478,942,925,1
../dataset/images/00009619_000.png 300,659,409,772,0
../dataset/images/00000377_004.png 388,420,890,787,1
../dataset/images/00009608_024.png 394,403,760,744,1
../dataset/images/00007043_000.png 291,361,821,800,1
../dataset/images/00011463_002.png 379,546,822,889,1
../dataset/images/00017877_001.png 660,570,861,648,0
../dataset/images/00000149_006.png 604,460,853,550,0
../dataset/images/00025732_004.png 219,390,756,806,1
../dataset/images/00012291_008.png 233,632,459,706,0
../dataset/images/00028452_001.png 630,410,886,559,0
../dataset/images/00020113_017.png 217,516,898,683,0
../dataset/images/00002763_031.png 403,356,879,743,1
../dataset/images/00030279_000.png 289,420,837,878,1
../dataset/images/00001373_039.png 260,501,824,991,1
../dataset/images/00014574_000.png 370,365,807,761,1
../dataset/images/00013062_002.png 352,340,750,736,1
../dataset/images/00007676_002.png 361,440,443,576,0
../dataset/images/00020857_008.png 190,572,753,775,0
../dataset/images/00015563_011.png 321,484,821,935,1
../dataset/images/00002435_005.png 363,480,764,779,1
../dataset/images/00000643_002.png 818,540,915,614,0
../dataset/images/00013615_052.png 351,406,815,763,1
../dataset/images/00004344_022.png 376,508,842,883,1
../dataset/images/00004968_004.png 634,637,899,762,0
../dataset/images/00019154_002.png 294,126,425,342,0
../dataset/images/00012637_000.png 728,500,860,583,0
../dataset/images/00005089_002.png 648,574,912,763,0
../dataset/images/00005532_014.png 338,330,800,677,1
../dataset/images/00006851_033.png 189,626,389,679,0
../dataset/images/00004381_021.png 390,361,842,687,1
../dataset/images/00030206_013.png 312,339,778,773,1
../dataset/images/00003394_006.png 313,376,754,679,1
../dataset/images/00005089_014.png 180,477,319,548,0
../dataset/images/00015300_000.png 171,396,319,543,0
../dataset/images/00023116_005.png 641,439,821,597,0
../dataset/images/00017151_003.png 624,489,838,687,0
../dataset/images/00013111_069.png 475,403,619,662,0
../dataset/images/00001373_009.png 413,468,961,970,1
../dataset/images/00018762_002.png 604,617,861,698,0
../dataset/images/00017448_000.png 355,483,834,876,1
../dataset/images/00026886_004.png 235,517,450,653,0
../dataset/images/00011557_003.png 347,445,855,828,1
../dataset/images/00025270_000.png 269,521,368,588,0
../dataset/images/00016009_008.png 572,576,727,826,0
../dataset/images/00004344_013.png 350,347,876,769,1
../dataset/images/00022098_006.png 494,577,765,731,0